# Rosenbrock function: 100*(Z2-Z1^2)^2 + (1-Z1)^2 = 100*Z1^4 - 200*(Z1^2)*Z2 + 100*Z2^2 + Z1^2 - 2*Z1 + 1
SEED= -1
NVAR= 2
MINRAND= -200
MAXRAND= 200
MAX_N_PERIODS= 1.5
STEP= .001
NFITCASES= 10
METHOD= 4
DEPTH_MAX= 4
DEPTH_MIN= 2
DEPTH_LIM= 30
p_FULL= .5
REPR_RATE= .2
CROSS_RATE= .4
MUT_RATE= .4
COMP_RATE= .0
NEW_RATE= .0
M= 50
G= 200
NORMALISED_ERR= 0
MINMAX= 0
W_COMPLEXITY= .01
W_N_CORRECTIONS= .1
W_SIZE= .001
W_FACTORISATION= .0
N_GUESSES= 2
SPLIT= 0
VALIDATING_LINES= 3
THRESHOLD= 1.0E-7
N_INEQUALITY0= 0
W_PEN_ORD0= 0.0 #0.012 perfect
N_INEQUALITY1= 0
W_PEN_ORD1= 0.0
#
BINARY_FUN= add,sub,mult,sdiv
UNARY_FUN= square,cube,sin,cos,exp
#
#	Z1			    											Z2										TARGET
# validating
 -1.111111111111111e+00     2.222222222222223e-01     1.069411675049535e+02
     2.222222222222223e-01    -1.111111111111111e+00     1.352795305593660e+02
     1.555555555555555e+00     1.555555555555555e+00     7.499237921048611e+01
# building
    -2.000000000000000e+00    -6.666666666666667e-01     2.186777777777778e+03
    -1.555555555555556e+00    -1.555555555555556e+00     1.586838744093888e+03
    -6.666666666666667e-01     1.111111111111111e+00     4.722222222222216e+01
    -2.222222222222223e-01     2.000000000000000e+00     3.819846060051821e+02
     6.666666666666665e-01     6.666666666666665e-01     5.049382716049385e+00
     1.111111111111111e+00    -2.000000000000000e+00     1.046255296448712e+03
     2.000000000000000e+00    -2.222222222222223e-01     1.783716049382716e+03
